0 7356 436 3616 288 820 1035 12364
282 8001 411 874 10243 335 260 5461
28 284 282 1953 3878 288 536 30
198 504 2365 6354 16438 27003 690 260
23790 2767 2141 260 4626 5461 418 16804
897 5738 30 198 61 11911 314 253
252 869 529 1789 1743 338 7313 335
18213 23423 44796 351 11457 44283 2273 85
16946 30 198 3706 95 14277 252 375
28869 47923 16695 1881 427 271 262 2610
85 263 7463 304 546 307 5437 106
2268 536 319 1562 319 265 1508 319
613 1198 30 198 15319 464 299 324
32716 6416 1679 367 1425 1236 2532 6503
28 2753 706 329 5549 135 100 301
20819 1578 344 2479 30 198 56 7866
28 3351 140 385 89 25288 297 375
47 28241 551 347 11607 85 367 265
7342 10547 95 10168 16689 41522 6028 12128
8190 2688 395 253 2618 304 4487 30
198 66 467 1734 6256 351 21922 72
34 32528 284 6708 14851 281 260 3380
2050 30 198 13793 5267 372 11911 468
81 28338 395 252 869 8058 367 216
33 30 37 40 11038 329 1013 723
332 1010 95 38493 345 3324 463 30094
12911 1586 292 30 198 14892 45382 3997
1694 2311 260 1743 835 1273 2321 6330
2678 284 23784 30 198 13793 22391 278
4966 7170 85 1599 10905 10214 308 297
3623 92 17842 7205 663 360 462 280
1102 1743 95 430 5859 395 20607 4815
367 910 81 1220 12265 41381 30 198
29968 1380 335 3476 1530 2143 4979 29
100 14992 2951 335 260 17066 284 2093
3934 260 1512 29 31956 30 198 15319
1720 30094 252 869 6702 4734 1787 4785
2086 38662 266 1708 395 292 329 2369
1102 354 7463 367 5975 81 367 8614
542 30 198 7356 436 3616 288 820
